C automatic include file for card ./Cards/transfer_card.dat and ./Cards/ident_mw_card.dat

        tf_lepton_e_11(1) = 0.000000d+00 

        tf_lepton_e_10(1) = 0.000000d+00 

        tf_lepton_e_12(1) = 2.000000d-02 

        tf_lepton_e_7(1) = 0.000000d+00 

        tf_lepton_e_9(1) = 0.000000d+00 

        tf_lepton_e_8(1) = 0.000000d+00 

        tf_jet_e_1(1) = 0.000000d+00 

        tf_jet_e_3(1) = 0.000000d+00 

        tf_jet_e_2(1) = 0.000000d+00 

        tf_jet_e_5(1) = 0.000000d+00 

        tf_jet_e_4(1) = 0.000000d+00 

        tf_jet_e_6(1) = 5.000000d-02 

