C automatic include file for card ./Cards/transfer_card.dat and ./Cards/ident_mw_card.dat

        tf_jet_pt_1(1) = 0.000000d+00 

        tf_jet_pt_3(1) = 0.000000d+00 

        tf_jet_pt_2(1) = 0.000000d+00 

        tf_jet_pt_5(1) = 0.000000d+00 

        tf_jet_pt_4(1) = 0.000000d+00 

        tf_jet_pt_6(1) = 5.000000d-02 

        tf_lepton_pt_11(1) = 0.000000d+00 

        tf_lepton_pt_10(1) = 0.000000d+00 

        tf_lepton_pt_12(1) = 2.000000d-02 

        tf_lepton_pt_7(1) = 0.000000d+00 

        tf_lepton_pt_9(1) = 0.000000d+00 

        tf_lepton_pt_8(1) = 0.000000d+00 

